Facette
 0.00000E+00 0.00000E+00 0.00000E+00
 0.00000E+00 1.00000E+00 0.00000E+00
 1.00000E+00 1.00000E+00 0.00000E+00
Fin_Facette
Facette
 0.00000E+00 0.00000E+00 0.00000E+00
 1.00000E+00 1.00000E+00 0.00000E+00
 1.00000E+00 0.00000E+00 0.00000E+00
Fin_Facette
Facette
 0.00000E+00 0.00000E+00 0.00000E+00
 0.00000E+00 0.00000E+00 1.00000E+00
 0.00000E+00 1.00000E+00 1.00000E+00
Fin_Facette
Facette
 0.00000E+00 0.00000E+00 0.00000E+00
 0.00000E+00 1.00000E+00 1.00000E+00
 0.00000E+00 1.00000E+00 0.00000E+00
Fin_Facette
Facette
 0.00000E+00 0.00000E+00 0.00000E+00
 1.00000E+00 0.00000E+00 0.00000E+00
 1.00000E+00 0.00000E+00 1.00000E+00
Fin_Facette
Facette
 0.00000E+00 0.00000E+00 0.00000E+00
 1.00000E+00 0.00000E+00 1.00000E+00
 0.00000E+00 0.00000E+00 1.00000E+00
Fin_Facette
Facette
 0.00000E+00 0.00000E+00 1.00000E+00
 1.00000E+00 0.00000E+00 1.00000E+00
 1.00000E+00 1.00000E+00 1.00000E+00
Fin_Facette
Facette
 0.00000E+00 0.00000E+00 1.00000E+00
 1.00000E+00 1.00000E+00 1.00000E+00
 0.00000E+00 1.00000E+00 1.00000E+00
Fin_Facette
Facette
 1.00000E+00 0.00000E+00 0.00000E+00
 1.00000E+00 1.00000E+00 0.00000E+00
 1.00000E+00 1.00000E+00 1.00000E+00
Fin_Facette
Facette
 1.00000E+00 0.00000E+00 0.00000E+00
 1.00000E+00 1.00000E+00 1.00000E+00
 1.00000E+00 0.00000E+00 1.00000E+00
Fin_Facette
Facette
 0.00000E+00 1.00000E+00 0.00000E+00
 0.00000E+00 1.00000E+00 1.00000E+00
 1.00000E+00 1.00000E+00 1.00000E+00
Fin_Facette
Facette
 0.00000E+00 1.00000E+00 0.00000E+00
 1.00000E+00 1.00000E+00 1.00000E+00
 1.00000E+00 1.00000E+00 0.00000E+00
Fin_Facette
